name: hse-aml
channels:
- defaults
- conda-forge
- menpo
dependencies:
- bzip2=1.0.6=vc14_1
- ca-certificates=2017.11.5=0
- freetype=2.7=vc14_2
- h5py=2.7.1=py35_2
- hdf5=1.10.1=vc14_1
- icu=58.2=vc14_0
- ipywidgets=7.0.0=py35_1
- jpeg=9b=vc14_2
- jupyter_contrib_core=0.3.3=py35_0
- jupyter_contrib_nbextensions=0.3.3=py35_0
- jupyter_highlight_selected_word=0.0.10=py35_0
- jupyter_latex_envs=1.3.8.2=py35_1
- jupyter_nbextensions_configurator=0.2.8=py35_0
- keras=2.0.6=py35_0
- libgpuarray=0.6.9=vc14_0
- libpng=1.6.28=vc14_2
- libtiff=4.0.8=vc14_0
- libwebp=0.5.2=vc14_7
- matplotlib=2.0.0=np112py35_2
- opencv=3.2.0=np112py35_203
- openssl=1.0.2l=vc14_0
- protobuf=3.4.0=py35_vc14_0
- qt=4.8.7=vc14_7
- tk=8.5.19=vc14_1
- zlib=1.2.11=vc14_0
- backports=1.0=py35_0
- backports.weakref=1.0rc1=py35_0
- bleach=1.5.0=py35_0
- certifi=2016.2.28=py35_0
- colorama=0.3.9=py35_0
- cycler=0.10.0=py35_0
- decorator=4.1.2=py35_0
- entrypoints=0.2.3=py35_0
- html5lib=0.9999999=py35_0
- ipykernel=4.6.1=py35_0
- ipython=6.1.0=py35_0
- ipython_genutils=0.2.0=py35_0
- jedi=0.10.2=py35_2
- jinja2=2.9.6=py35_0
- joblib=0.11=py35_0
- jsonschema=2.6.0=py35_0
- jupyter=1.0.0=py35_3
- jupyter_client=5.1.0=py35_0
- jupyter_console=5.2.0=py35_0
- jupyter_core=4.3.0=py35_0
- libpython=2.0=py35_0
- libxgboost=0.60=h1133f5d_0
- lxml=3.8.0=py35_0
- m2w64-binutils=2.25.1=5
- m2w64-bzip2=1.0.6=6
- m2w64-crt-git=5.0.0.4636.2595836=2
- m2w64-gcc=5.3.0=6
- m2w64-gcc-ada=5.3.0=6
- m2w64-gcc-fortran=5.3.0=6
- m2w64-gcc-libgfortran=5.3.0=6
- m2w64-gcc-libs=5.3.0=7
- m2w64-gcc-libs-core=5.3.0=7
- m2w64-gcc-objc=5.3.0=6
- m2w64-gmp=6.1.0=2
- m2w64-headers-git=5.0.0.4636.c0ad18a=2
- m2w64-isl=0.16.1=2
- m2w64-libiconv=1.14=6
- m2w64-libmangle-git=5.0.0.4509.2e5a9a2=2
- m2w64-libwinpthread-git=5.0.0.4634.697f757=2
- m2w64-make=4.1.2351.a80a8b8=2
- m2w64-mpc=1.0.3=3
- m2w64-mpfr=3.1.4=4
- m2w64-pkg-config=0.29.1=2
- m2w64-toolchain=5.3.0=7
- m2w64-tools-git=5.0.0.4592.90b8472=2
- m2w64-windows-default-manifest=6.4=3
- m2w64-winpthreads-git=5.0.0.4634.697f757=2
- m2w64-zlib=1.2.8=10
- mako=1.0.6=py35_0
- markdown=2.6.9=py35_0
- markupsafe=1.0=py35_0
- mistune=0.7.4=py35_0
- mkl=2017.0.3=0
- mkl-service=1.1.2=py35_3
- msys2-conda-epoch=20160418=1
- nbconvert=5.2.1=py35_0
- nbformat=4.4.0=py35_0
- nltk=3.2.4=py35_0
- nose=1.3.7=py35_1
- notebook=5.0.0=py35_0
- numpy=1.12.1=py35_0
- olefile=0.44=py35_0
- pandas=0.19.2=np112py35_1
- pandocfilters=1.4.2=py35_0
- path.py=10.3.1=py35_0
- patsy=0.4.1=py35_0
- pickleshare=0.7.4=py35_0
- pillow=4.0.0=py35_1
- pip=9.0.1=py35_1
- prompt_toolkit=1.0.15=py35_0
- py-xgboost=0.60=py35np112h24854b6_0
- pygments=2.2.0=py35_0
- pygpu=0.6.9=py35_0
- pyparsing=2.2.0=py35_0
- pyqt=4.11.4=py35_7
- python=3.5.4=0
- python-dateutil=2.6.1=py35_0
- pytz=2017.2=py35_0
- pyyaml=3.12=py35_0
- pyzmq=16.0.2=py35_0
- qtconsole=4.2.1=py35_0
- requests=2.12.4=py35_0
- scikit-learn=0.18.2=np112py35_0
- scipy=0.18.1=np112py35_1
- seaborn=0.8=py35_0
- setuptools=36.4.0=py35_1
- simplegeneric=0.8.1=py35_1
- sip=4.18=py35_0
- six=1.10.0=py35_1
- statsmodels=0.8.0=np112py35_0
- tensorflow=1.2.1=py35_0
- testpath=0.3.1=py35_0
- theano=0.9.0=py35_0
- tornado=4.5.2=py35_0
- tqdm=4.15.0=py35_0
- traitlets=4.3.2=py35_0
- vc=14=0
- vs2015_runtime=14.0.25420=0
- wcwidth=0.1.7=py35_0
- werkzeug=0.12.2=py35_0
- wheel=0.29.0=py35_0
- widgetsnbextension=3.0.2=py35_0
- win_unicode_console=0.5=py35_0
- wincertstore=0.2=py35_0
- pip:
  - enum34==1.1.6
  - gpy==1.8.5
  - gpyopt==1.2.1
  - ipython-genutils==0.2.0
  - jupyter-client==5.1.0
  - jupyter-console==5.2.0
  - jupyter-contrib-core==0.3.3
  - jupyter-contrib-nbextensions==0.3.3
  - jupyter-core==4.3.0
  - jupyter-highlight-selected-word==0.0.10
  - jupyter-latex-envs==1.3.8.2
  - jupyter-nbextensions-configurator==0.2.8
  - paramz==0.8.5
  - prompt-toolkit==1.0.15
  - pymc3==3.2
  - tensorflow-gpu==1.4.0
  - tensorflow-tensorboard==0.4.0rc3
  - win-unicode-console==0.5
prefix: C:\Users\soais\Anaconda3\envs\hse-aml

